#   1 X                Object position along x                                    [pixel]
#   2 Y                Object position along y                                    [pixel]
#   3 MAG              Object magnitude                                           [AB]
#   4 TYPE             Object type                                                [0=star, others=FITS]
#   5 ORIENTATION      Objects orientation                                        [deg]
2126.135088 2028.417030 15.832845 0 0.000000 
1982.063532 2138.899855 17.378845 0 0.000000 
1928.689415 2075.401352 17.260845 0 0.000000 
1967.471353 1909.255875 15.275845 0 0.000000 
1916.618980 2190.509025 16.288845 0 0.000000 
2042.084932 2267.426676 16.504845 0 0.000000 
2100.303761 2274.394736 17.290844 0 0.000000 
2157.498044 1828.740171 15.710845 0 0.000000 
2295.886662 2080.983740 17.560844 0 0.000000 
2342.638779 2012.350854 16.892845 0 0.000000 
1821.583685 2243.660351 16.539845 0 0.000000 
2059.191325 1748.045425 14.826843 0 0.000000 
2122.129747 1755.099923 15.669844 0 0.000000 
2308.774274 1833.618078 14.092845 0 0.000000 
2254.296308 1771.576112 15.985844 0 0.000000 
2146.222453 1716.251236 15.945845 0 0.000000 
2311.127034 2277.472597 17.068846 0 0.000000 
1775.116631 2274.497660 14.774845 0 0.000000 
1693.354736 2057.753452 17.500845 0 0.000000 
2180.153237 1716.018913 15.960845 0 0.000000 
1687.732863 1966.980741 16.028845 0 0.000000 
1971.123641 1670.904472 16.288845 0 0.000000 
1663.987325 2006.700794 16.421844 0 0.000000 
2247.696567 2382.279118 17.566845 0 0.000000 
1669.892999 2163.491278 14.319844 0 0.000000 
1876.456591 1677.079686 17.138845 0 0.000000 
2257.394273 2402.585665 17.322845 0 0.000000 
2354.227935 2333.521088 14.677845 0 0.000000 
2020.809402 1629.413695 15.650845 0 0.000000 
2375.272407 2324.566711 17.946844 0 0.000000 
2152.599527 2477.859977 17.335844 0 0.000000 
1679.440514 2295.769442 15.050844 0 0.000000 
1619.219544 2194.072968 15.509845 0 0.000000 
2320.362577 2412.914172 17.731844 0 0.000000 
1715.888302 1736.040035 17.638845 0 0.000000 
2352.646199 1707.653928 17.257845 0 0.000000 
1646.513882 1814.297044 15.998844 0 0.000000 
2267.865638 2471.715961 16.042845 0 0.000000 
2528.140250 2060.548380 15.894844 0 0.000000 
2335.897457 1631.459653 17.166845 0 0.000000 
1630.579416 1755.621019 17.551846 0 0.000000 
1628.832865 2348.829276 17.125845 0 0.000000 
1535.207235 2147.464144 16.846846 0 0.000000 
1530.683745 2128.211270 15.636845 0 0.000000 
1713.177664 1644.708442 17.347845 0 0.000000 
1836.358098 2530.652074 17.597845 0 0.000000 
2042.022512 1521.037493 16.925844 0 0.000000 
1996.915825 2574.491226 16.982845 0 0.000000 
1517.764929 2054.571792 15.327845 0 0.000000 
1520.479940 2152.831702 17.361845 0 0.000000 
1707.919909 1627.232109 17.408844 0 0.000000 
1715.927222 2482.618392 17.023844 0 0.000000 
2571.203770 1887.830867 16.813845 0 0.000000 
1955.940648 1505.482564 16.201843 0 0.000000 
1595.939177 2363.665886 16.789845 0 0.000000 
1558.791662 2314.935946 17.697845 0 0.000000 
1771.127354 1554.813521 17.191845 0 0.000000 
1685.437864 2488.196928 17.203844 0 0.000000 
2618.924714 2078.028108 16.318844 0 0.000000 
1509.217866 2250.995262 16.896845 0 0.000000 
1511.195501 2270.117097 16.510845 0 0.000000 
2627.217968 1977.465127 11.189844 0 0.000000 
2194.052215 2616.858642 17.721844 0 0.000000 
1490.652164 1856.315346 14.199844 0 0.000000 
1523.940954 1747.542976 15.269844 0 0.000000 
2540.996606 1697.257064 17.237844 0 0.000000 
2578.994838 2339.695658 16.962845 0 0.000000 
2369.062246 1530.051337 16.396845 0 0.000000 
2634.200843 2216.945406 17.057846 0 0.000000 
2335.456736 2594.515416 15.881845 0 0.000000 
2368.379724 2576.423649 13.070845 0 0.000000 
2331.958445 1496.955214 11.175844 0 0.000000 
2517.112474 2455.895036 14.143845 0 0.000000 
2328.143311 1474.815751 16.427845 0 0.000000 
2647.269191 1825.240574 16.685844 0 0.000000 
2616.771141 1744.476904 14.184845 0 0.000000 
1493.624618 1717.698427 16.881845 0 0.000000 
2657.499887 1835.049408 16.033844 0 0.000000 
2334.016347 2632.089714 15.768845 0 0.000000 
1398.768769 1988.578319 16.339844 0 0.000000 
2640.042461 1770.277838 16.839846 0 0.000000 
2672.197884 1841.061183 17.731844 0 0.000000 
2388.254947 2612.379234 16.828844 0 0.000000 
1410.129902 1877.151185 17.282845 0 0.000000 
2645.126062 1746.516694 15.398845 0 0.000000 
1575.852248 2524.722042 15.479845 0 0.000000 
2717.533410 2096.939530 17.051846 0 0.000000 
2645.174292 2357.259340 16.408846 0 0.000000 
1959.494274 1379.562017 17.678844 0 0.000000 
2629.440199 2396.894706 17.462845 0 0.000000 
2314.233351 2676.256862 17.261845 0 0.000000 
2063.050790 1365.492423 14.800844 0 0.000000 
1916.302606 1376.107160 17.089844 0 0.000000 
1469.213486 1663.784574 16.844845 0 0.000000 
2388.611337 2656.533208 16.710846 0 0.000000 
2577.527314 1585.799763 17.249846 0 0.000000 
2548.046917 1543.303548 16.763844 0 0.000000 
2719.767154 1793.781651 16.734844 0 0.000000 
1811.139684 2734.156906 15.253844 0 0.000000 
1750.842049 1376.644374 15.014845 0 0.000000 
1588.760825 1473.711224 15.932844 0 0.000000 
1332.032459 1873.830633 15.908844 0 0.000000 
2607.321632 1566.646134 16.264845 0 0.000000 
2303.740030 1354.116200 15.222845 0 0.000000 
2747.314577 2297.595221 17.492846 0 0.000000 
1346.207024 2314.470179 16.701843 0 0.000000 
2588.818267 1523.786363 16.962845 0 0.000000 
2758.051886 1795.453482 17.208845 0 0.000000 
1832.100521 1323.526914 15.165845 0 0.000000 
2245.812888 1317.860889 17.571844 0 0.000000 
1617.680299 2677.430956 16.306845 0 0.000000 
1798.914147 2770.184446 12.620845 0 0.000000 
2781.789744 1821.069085 17.709845 0 0.000000 
2699.382907 1633.883862 16.716845 0 0.000000 
2359.344482 2771.431222 16.820845 0 0.000000 
1282.736855 1853.695789 17.562845 0 0.000000 
2447.988748 1364.581422 17.316845 0 0.000000 
1258.329218 2110.943752 17.357845 0 0.000000 
2252.265853 1278.576512 17.366844 0 0.000000 
1285.774289 1814.965450 16.140844 0 0.000000 
2552.365595 1428.965132 17.451845 0 0.000000 
2797.805536 1725.419279 17.693844 0 0.000000 
1348.284651 1626.402282 17.243845 0 0.000000 
2574.712322 2679.463389 14.863845 0 0.000000 
1446.871690 2610.860473 16.121843 0 0.000000 
1271.581273 1768.894397 17.611845 0 0.000000 
2484.818259 1347.544358 15.723845 0 0.000000 
2308.456580 1257.028068 17.318844 0 0.000000 
1982.311706 2878.568596 14.362844 0 0.000000 
1321.200155 2461.630199 15.908844 0 0.000000 
2875.409990 1908.912741 18.078844 0 0.000000 
2131.939114 2887.417792 17.160845 0 0.000000 
1327.401479 1603.825328 15.443845 0 0.000000 
2463.523554 1309.421533 16.620844 0 0.000000 
1618.511151 1315.486779 15.499845 0 0.000000 
1380.120655 1509.439878 17.315845 0 0.000000 
2328.035458 2859.672765 13.660845 0 0.000000 
2215.682057 2907.638645 17.583845 0 0.000000 
1716.769119 1236.026467 15.457845 0 0.000000 
1688.629647 2853.176411 17.698845 0 0.000000 
1392.285121 1455.768293 11.430844 0 0.000000 
2879.534110 2347.798602 16.719845 0 0.000000 
1378.579775 2627.730926 13.254845 0 0.000000 
1463.032994 1382.974973 16.296844 0 0.000000 
1685.096741 1235.404345 17.020845 0 0.000000 
1156.655035 2123.149712 11.109846 0 0.000000 
2884.371442 2373.656052 15.343845 0 0.000000 
2578.053665 1316.755425 17.363844 0 0.000000 
1266.081894 1592.850472 16.665844 0 0.000000 
1857.341969 2934.290244 17.722845 0 0.000000 
2857.912952 2459.115091 15.634844 0 0.000000 
2147.926492 1145.266794 13.459845 0 0.000000 
2581.527587 2786.273940 16.568844 0 0.000000 
2513.954914 2838.579253 16.726845 0 0.000000 
1183.603500 1730.977532 16.499846 0 0.000000 
2566.892276 1287.341878 16.268845 0 0.000000 
2832.044488 1557.442103 17.410845 0 0.000000 
1266.371262 2543.108207 16.348845 0 0.000000 
2223.524096 1139.218183 17.471844 0 0.000000 
1176.203084 2361.842755 17.636845 0 0.000000 
2944.320407 1796.674643 13.755845 0 0.000000 
1684.238706 2906.737457 15.180844 0 0.000000 
1272.183207 2567.954894 14.026844 0 0.000000 
2914.861302 2397.966834 14.249845 0 0.000000 
1111.354838 2087.923842 18.064844 0 0.000000 
2621.494837 1304.453472 17.573845 0 0.000000 
1920.722499 2979.483060 15.152844 0 0.000000 
1946.958210 1109.544869 17.349844 0 0.000000 
2990.583313 1970.828677 17.379845 0 0.000000 
1997.796726 2994.392511 16.167845 0 0.000000 
1385.993257 2728.766523 17.334845 0 0.000000 
2545.183769 2860.988325 16.941845 0 0.000000 
1928.313928 1101.512106 17.584845 0 0.000000 
1921.278931 3003.171648 15.075845 0 0.000000 
1146.897942 1698.795622 16.307844 0 0.000000 
2397.388008 2949.108984 14.947845 0 0.000000 
2466.836539 2920.012395 15.936844 0 0.000000 
2481.823242 1180.295130 17.262844 0 0.000000 
2506.027677 2903.430977 16.279844 0 0.000000 
1079.011251 2175.005941 14.113845 0 0.000000 
1116.967506 2347.633266 17.260845 0 0.000000 
2838.672421 1472.221254 17.376844 0 0.000000 
2412.558236 1138.532921 17.048845 0 0.000000 
3024.620038 1963.630736 14.679844 0 0.000000 
1069.295854 2106.048232 16.541845 0 0.000000 
1871.786285 3017.821709 14.390844 0 0.000000 
2831.395401 1448.848152 17.383844 0 0.000000 
3036.715507 2004.620654 16.310844 0 0.000000 
1146.470487 1638.846548 17.264845 0 0.000000 
1458.026146 2844.053507 16.986845 0 0.000000 
1260.388493 1445.335102 16.005844 0 0.000000 
1267.493792 2665.605768 17.179844 0 0.000000 
2498.698067 1154.628998 13.509845 0 0.000000 
2070.837357 3049.652429 17.279844 0 0.000000 
1788.438877 3016.583160 17.450844 0 0.000000 
1081.208744 2315.689328 17.461845 0 0.000000 
1102.968355 1699.035582 14.643845 0 0.000000 
1604.905732 1141.542887 15.574844 0 0.000000 
2958.974143 2504.672109 17.247845 0 0.000000 
1381.243618 2826.303494 17.203844 0 0.000000 
1157.719356 1540.177670 13.563845 0 0.000000 
2865.889259 1429.677768 14.955845 0 0.000000 
2928.360345 1522.085543 16.404844 0 0.000000 
1040.057841 1826.115281 17.183846 0 0.000000 
1485.177744 1180.181092 15.245846 0 0.000000 
1153.942600 1525.604935 17.428844 0 0.000000 
1016.259373 2177.660304 16.778845 0 0.000000 
1080.419833 2436.988074 16.014845 0 0.000000 
1721.201313 1055.061019 15.431845 0 0.000000 
1032.923856 2313.299555 16.538845 0 0.000000 
1048.761192 1725.424875 16.644844 0 0.000000 
2821.427596 1333.866129 17.553844 0 0.000000 
1964.010368 3100.804794 11.363845 0 0.000000 
1337.530306 2838.386709 16.247845 0 0.000000 
2258.625849 3090.510992 17.722845 0 0.000000 
3042.472361 2432.080781 17.545845 0 0.000000 
1001.038104 1842.452866 13.512845 0 0.000000 
3081.641485 1776.808092 14.405844 0 0.000000 
3120.734885 2051.245297 16.878845 0 0.000000 
1043.114604 1670.708554 16.228846 0 0.000000 
1619.687011 3033.081221 15.502845 0 0.000000 
3084.369207 2346.642967 17.705845 0 0.000000 
1125.163009 1486.922524 17.077845 0 0.000000 
1824.947760 3111.839246 14.878844 0 0.000000 
1399.833381 1175.186011 13.578845 0 0.000000 
3065.390283 2437.492505 17.966845 0 0.000000 
1141.111520 1443.046740 15.085845 0 0.000000 
1004.216888 2364.081788 17.738844 0 0.000000 
3126.518573 1866.913138 12.761845 0 0.000000 
3082.520670 1688.397226 17.338844 0 0.000000 
1514.163342 1090.647044 17.570845 0 0.000000 
1141.983777 1429.178708 17.383844 0 0.000000 
2640.045128 1124.058233 16.648844 0 0.000000 
2527.738652 1059.396548 17.514845 0 0.000000 
2369.188365 995.015081 15.064844 0 0.000000 
3068.576432 2464.682016 17.653845 0 0.000000 
2098.861362 3149.333098 13.119844 0 0.000000 
3112.445881 2344.489609 16.854845 0 0.000000 
943.952654 2129.293933 16.410845 0 0.000000 
1559.839691 1053.681768 17.644844 0 0.000000 
958.693370 1812.212440 15.781843 0 0.000000 
2464.412694 1008.842487 16.956844 0 0.000000 
3071.307236 1592.950208 17.524845 0 0.000000 
2313.129158 959.342421 17.444845 0 0.000000 
2522.361113 3065.090816 16.517845 0 0.000000 
3082.132569 1609.693003 14.020844 0 0.000000 
1326.398108 1185.692086 15.366844 0 0.000000 
1057.663094 2585.022486 17.160845 0 0.000000 
3144.952312 2305.674711 16.601845 0 0.000000 
2830.696537 1236.897420 17.166845 0 0.000000 
1862.670893 3160.059443 15.793844 0 0.000000 
1610.777813 1005.533610 9.974846 0 0.000000 
2550.649311 1034.348684 13.269845 0 0.000000 
3077.226561 2521.161999 16.848845 0 0.000000 
2492.644259 3090.608751 14.721844 0 0.000000 
966.109112 2392.935373 12.593843 0 0.000000 
926.563250 2268.562587 17.055845 0 0.000000 
1228.164343 2848.171231 14.455845 0 0.000000 
2066.259480 3193.504822 15.374844 0 0.000000 
1034.717675 2592.343620 15.073845 0 0.000000 
2992.439986 1375.542118 17.187845 0 0.000000 
1997.588804 883.505986 16.333845 0 0.000000 
1025.978479 2610.407557 15.015844 0 0.000000 
3113.564914 2523.167223 12.409844 0 0.000000 
1060.663675 1424.890126 15.819844 0 0.000000 
2916.994463 2833.013800 16.921844 0 0.000000 
2101.747687 3219.019221 16.627844 0 0.000000 
2427.472739 937.326612 15.033845 0 0.000000 
2736.860485 2998.737636 15.460845 0 0.000000 
892.604527 1830.494352 17.307844 0 0.000000 
2800.726583 1143.007803 16.728844 0 0.000000 
3204.812639 2279.134277 13.198845 0 0.000000 
1041.814836 2664.281378 16.532845 0 0.000000 
3071.148927 2635.685476 17.631845 0 0.000000 
1584.887525 962.781070 17.264845 0 0.000000 
2528.433882 3126.300603 17.165844 0 0.000000 
1926.889284 3223.647697 17.372845 0 0.000000 
864.117011 2013.534222 17.181845 0 0.000000 
1344.506062 1087.606276 17.555845 0 0.000000 
1497.457967 991.222408 17.382845 0 0.000000 
3096.756124 1477.747760 17.158844 0 0.000000 
3139.445639 2536.921297 16.308844 0 0.000000 
895.850504 2380.991905 14.886845 0 0.000000 
2431.903559 908.658017 16.059845 0 0.000000 
2520.905324 3155.071209 15.029844 0 0.000000 
2482.234819 924.238289 15.032845 0 0.000000 
2840.014867 2957.261695 15.765844 0 0.000000 
2933.269733 2866.746551 16.749844 0 0.000000 
893.902468 1697.255899 16.282845 0 0.000000 
3046.238276 2725.262557 14.758844 0 0.000000 
926.955691 1601.999611 17.055845 0 0.000000 
959.247183 2568.301520 16.239845 0 0.000000 
2216.283883 850.198017 17.185844 0 0.000000 
1396.688359 3070.600227 17.061844 0 0.000000 
2985.114659 1276.186328 13.834845 0 0.000000 
1464.051903 3113.076094 16.951845 0 0.000000 
1269.861929 1115.170271 16.508844 0 0.000000 
1355.889898 1048.756666 16.165846 0 0.000000 
2541.090528 936.980099 17.175844 0 0.000000 
2328.374096 3233.398070 12.309845 0 0.000000 
3252.805775 2227.069724 17.128845 0 0.000000 
2548.416147 934.923097 17.451845 0 0.000000 
1966.505008 830.099787 17.552845 0 0.000000 
3237.015334 1768.004520 17.615845 0 0.000000 
2714.616218 3075.715106 17.276844 0 0.000000 
2353.251073 856.053967 17.181845 0 0.000000 
3245.268674 1754.081190 17.141844 0 0.000000 
2725.639076 3078.464035 16.098845 0 0.000000 
3170.661167 1531.219030 14.900845 0 0.000000 
2388.318005 3236.895843 12.628843 0 0.000000 
2076.190308 3284.544919 12.072845 0 0.000000 
2090.416136 811.257898 17.044844 0 0.000000 
913.717780 1548.067834 15.956844 0 0.000000 
2909.952710 2940.372290 14.953844 0 0.000000 
3161.415893 1500.335681 12.554845 0 0.000000 
3027.338134 2814.260247 16.028845 0 0.000000 
929.873400 1499.159451 17.241844 0 0.000000 
2109.199162 3292.619127 15.662844 0 0.000000 
854.404410 2406.970726 17.095844 0 0.000000 
2346.812432 3258.169891 15.246844 0 0.000000 
2982.866526 1221.915729 17.618845 0 0.000000 
1201.612526 2967.856791 16.442844 0 0.000000 
997.607276 1366.036511 16.591845 0 0.000000 
3271.857403 1771.998765 17.187845 0 0.000000 
1066.115799 1260.888283 16.619844 0 0.000000 
1126.484160 1186.095923 17.739845 0 0.000000 
2301.845933 810.826602 17.088844 0 0.000000 
2021.001034 781.745715 16.793844 0 0.000000 
783.383590 2183.275024 15.633844 0 0.000000 
796.373322 1818.692850 17.159845 0 0.000000 
2036.703648 773.918490 11.687843 0 0.000000 
2068.291419 773.795748 16.624844 0 0.000000 
1063.843090 2863.306175 17.160845 0 0.000000 
851.334973 2498.496340 16.977844 0 0.000000 
3222.278339 1541.734366 16.360844 0 0.000000 
3280.040519 2390.825917 15.226845 0 0.000000 
1689.140970 3277.625168 16.935844 0 0.000000 
1524.881426 877.622632 16.883844 0 0.000000 
1360.204129 3130.480440 14.395845 0 0.000000 
1470.013049 3194.886471 16.445845 0 0.000000 
2995.301507 2918.927635 17.443844 0 0.000000 
759.849879 2088.626715 14.565845 0 0.000000 
1471.239991 893.070194 17.615845 0 0.000000 
1114.455623 2944.257274 16.928844 0 0.000000 
854.361325 1519.165620 16.652843 0 0.000000 
1442.278634 891.282152 16.234844 0 0.000000 
1665.076369 797.417114 17.556845 0 0.000000 
3136.800866 1313.520935 15.618845 0 0.000000 
3298.526230 2449.721393 16.461845 0 0.000000 
1365.552354 3173.666502 15.756845 0 0.000000 
2830.704196 989.593547 15.380845 0 0.000000 
1047.343772 2907.779479 16.619844 0 0.000000 
2989.302134 1120.379999 15.005845 0 0.000000 
902.405244 1387.875176 17.376844 0 0.000000 
2660.059945 875.802397 16.512844 0 0.000000 
3244.356846 1478.890608 17.463844 0 0.000000 
2763.421497 932.390575 16.314844 0 0.000000 
2005.014210 720.785161 17.226845 0 0.000000 
1454.540098 3237.442847 14.867845 0 0.000000 
765.033572 1679.768066 17.426846 0 0.000000 
1803.547925 3361.360374 16.936844 0 0.000000 
2841.070971 962.614131 17.149845 0 0.000000 
2628.478184 3263.675984 12.835845 0 0.000000 
3358.486875 1728.855061 17.006845 0 0.000000 
1472.459033 826.767534 17.223845 0 0.000000 
2263.236584 713.992325 15.967845 0 0.000000 
3399.750078 2053.415969 13.749846 0 0.000000 
3053.778641 2951.778066 17.653845 0 0.000000 
3345.750196 1661.373533 17.145845 0 0.000000 
1431.552774 840.016834 16.641844 0 0.000000 
3167.378351 2814.137066 13.725844 0 0.000000 
698.401552 1883.518055 13.475845 0 0.000000 
1384.875521 3235.578424 15.001844 0 0.000000 
893.064801 1324.259403 14.755845 0 0.000000 
1852.850755 3397.988293 16.145844 0 0.000000 
2348.789866 3378.807163 16.581844 0 0.000000 
3290.916847 2610.891159 16.696846 0 0.000000 
3402.018903 1877.786326 17.593845 0 0.000000 
3097.889232 2923.352841 15.879845 0 0.000000 
1220.997383 956.800307 17.453844 0 0.000000 
927.928048 2838.422092 16.359844 0 0.000000 
2913.095480 3112.633362 14.702845 0 0.000000 
2982.978896 1043.834655 15.252846 0 0.000000 
2928.300992 3109.726095 14.135845 0 0.000000 
1147.273226 1001.945614 17.570845 0 0.000000 
1716.564384 705.082297 15.588844 0 0.000000 
3329.031621 1519.588014 15.489844 0 0.000000 
3313.108074 1469.221738 17.643845 0 0.000000 
3424.849509 1841.566770 17.593845 0 0.000000 
694.094553 1705.102617 17.785845 0 0.000000 
1214.498621 925.384690 17.678844 0 0.000000 
1224.184011 917.852081 17.433846 0 0.000000 
1079.678221 3063.651738 11.904844 0 0.000000 
3417.437243 1720.144723 17.747845 0 0.000000 
1219.298952 905.832226 15.980844 0 0.000000 
1029.923589 3026.061496 16.495846 0 0.000000 
3407.062505 1663.876692 14.173843 0 0.000000 
3451.784191 1862.249970 17.450844 0 0.000000 
877.808264 1247.464085 17.088844 0 0.000000 
3030.311155 1022.517574 17.257845 0 0.000000 
3376.145045 1544.568360 16.416843 0 0.000000 
929.235004 2926.482847 16.131844 0 0.000000 
858.249624 1268.293239 15.537845 0 0.000000 
766.474651 1429.059257 17.358845 0 0.000000 
3470.502087 2005.685326 17.326845 0 0.000000 
811.118609 2759.727168 16.566845 0 0.000000 
3145.182852 1135.486880 16.880844 0 0.000000 
2405.750914 3432.291572 16.528845 0 0.000000 
1487.940059 729.961841 17.980844 0 0.000000 
1184.113870 3194.578640 17.381845 0 0.000000 
1250.590386 3241.852024 13.523845 0 0.000000 
1278.430293 3259.997872 15.292845 0 0.000000 
1736.151459 3451.512218 17.390844 0 0.000000 
3481.914622 2194.701129 17.378845 0 0.000000 
3492.290475 2008.657113 16.867846 0 0.000000 
3492.550404 2095.632639 16.099846 0 0.000000 
2435.753403 655.003007 15.986845 0 0.000000 
2300.032107 3473.690054 18.079845 0 0.000000 
3429.763189 2482.803714 17.750845 0 0.000000 
947.266595 2993.274677 17.228844 0 0.000000 
610.044066 2264.411969 16.526844 0 0.000000 
1445.600545 3375.430972 17.541845 0 0.000000 
2832.406165 3278.074055 14.905845 0 0.000000 
3260.028327 2860.528912 17.439844 0 0.000000 
3418.675340 1544.948382 17.508844 0 0.000000 
986.031021 1043.661410 16.583845 0 0.000000 
590.980824 2189.886059 15.995845 0 0.000000 
974.809993 3045.574617 15.262844 0 0.000000 
3354.239340 1380.012981 17.357845 0 0.000000 
2727.431708 747.562663 17.083845 0 0.000000 
676.152917 2578.971904 17.107845 0 0.000000 
580.041617 2143.536493 16.276844 0 0.000000 
679.001772 2589.536125 15.908844 0 0.000000 
2909.815002 3245.848833 16.476845 0 0.000000 
839.200947 2895.793298 16.504845 0 0.000000 
646.072454 2512.249604 17.560844 0 0.000000 
1500.550652 3419.722682 17.045845 0 0.000000 
1901.382924 575.713404 17.417845 0 0.000000 
3478.782159 2425.788982 17.122845 0 0.000000 
3412.148027 1468.834796 16.400845 0 0.000000 
3309.587309 1268.156209 14.551845 0 0.000000 
3529.380008 1974.484080 16.726845 0 0.000000 
577.035625 1832.525181 17.614845 0 0.000000 
3434.571367 1510.912340 17.029844 0 0.000000 
2616.454182 3423.478068 16.963844 0 0.000000 
2874.854399 805.744333 16.615845 0 0.000000 
553.622063 2013.364315 16.486845 0 0.000000 
555.688455 2169.984522 11.288845 0 0.000000 
2255.337619 565.014290 15.575846 0 0.000000 
2342.359092 579.045575 16.113846 0 0.000000 
3265.337077 2922.129998 16.420845 0 0.000000 
1697.119113 590.984130 15.929844 0 0.000000 
560.741345 1856.616651 17.161844 0 0.000000 
2248.475137 559.095402 15.759845 0 0.000000 
551.424787 1895.831616 17.882845 0 0.000000 
2612.577695 3445.945152 17.425844 0 0.000000 
3074.889043 938.726270 16.511845 0 0.000000 
1445.199686 3434.804353 17.111845 0 0.000000 
1959.955643 3557.781955 14.752845 0 0.000000 
3279.467357 1166.301765 17.508844 0 0.000000 
539.210003 1910.275363 14.467845 0 0.000000 
1080.583790 881.911180 17.422844 0 0.000000 
3536.074436 1758.894879 16.615845 0 0.000000 
1131.193236 3256.231087 16.899845 0 0.000000 
665.480145 1424.092100 16.061844 0 0.000000 
711.764740 1328.129200 16.805843 0 0.000000 
2247.037717 543.271087 9.643845 0 0.000000 
3001.655298 866.981179 16.887844 0 0.000000 
796.369049 1188.862785 16.525845 0 0.000000 
974.606230 3123.097314 14.655846 0 0.000000 
2902.406161 791.314564 16.947845 0 0.000000 
955.878373 987.242345 16.547844 0 0.000000 
1428.296325 3440.014046 15.986845 0 0.000000 
1008.382614 3163.414654 17.129845 0 0.000000 
1686.272514 566.552520 13.458844 0 0.000000 
3506.644703 1602.917195 16.905844 0 0.000000 
1327.332982 702.643911 16.976845 0 0.000000 
1717.615235 556.549855 17.211845 0 0.000000 
3522.380314 2448.824226 15.077845 0 0.000000 
3408.025770 2747.243525 14.548844 0 0.000000 
2186.656799 524.090393 17.373844 0 0.000000 
763.660989 2880.245666 17.219845 0 0.000000 
1948.566756 3575.904117 16.706844 0 0.000000 
1210.247665 764.794524 16.946844 0 0.000000 
613.102312 2590.642383 17.547844 0 0.000000 
714.934442 1286.475831 15.754845 0 0.000000 
2458.216792 568.414858 16.496845 0 0.000000 
3487.549981 1505.761404 16.247845 0 0.000000 
575.439925 1602.181810 17.126844 0 0.000000 
846.700529 3009.586332 16.742844 0 0.000000 
509.860838 2148.361478 17.540844 0 0.000000 
855.626379 3028.254099 17.445845 0 0.000000 
1424.858821 3460.604487 17.277845 0 0.000000 
1636.956552 558.480287 17.607845 0 0.000000 
1205.116962 747.377371 17.458845 0 0.000000 
730.429646 2866.857649 15.265844 0 0.000000 
593.136536 2588.110278 17.570845 0 0.000000 
3476.994169 2653.646086 17.433846 0 0.000000 
515.328513 1792.426665 15.051844 0 0.000000 
2228.489724 3593.620950 17.241844 0 0.000000 
3510.486255 1511.873548 17.341845 0 0.000000 
3347.801591 2909.182331 15.454844 0 0.000000 
3596.638660 1837.995415 15.604845 0 0.000000 
2707.480471 3467.462884 15.787845 0 0.000000 
2559.685751 3527.351883 17.040844 0 0.000000 
3049.769521 3252.637823 15.714845 0 0.000000 
3037.447077 832.097898 17.560844 0 0.000000 
1588.341879 546.884293 16.038845 0 0.000000 
1023.226871 3239.371151 16.103844 0 0.000000 
3603.055486 2274.025441 16.074844 0 0.000000 
562.184734 2571.368800 17.625845 0 0.000000 
3547.965140 2529.079726 16.349846 0 0.000000 
2379.371968 3588.395526 16.678844 0 0.000000 
2719.451780 3477.056253 16.099846 0 0.000000 
2628.543912 579.078398 13.900845 0 0.000000 
1187.537866 722.909810 16.536844 0 0.000000 
3374.665276 2906.893192 16.422846 0 0.000000 
3511.054280 1447.377917 17.543844 0 0.000000 
3551.984799 2542.660146 17.272844 0 0.000000 
536.146430 1576.114174 15.249845 0 0.000000 
1235.470179 3408.063940 17.520845 0 0.000000 
1392.186815 605.848869 15.460845 0 0.000000 
3617.251577 1823.300818 15.381844 0 0.000000 
1944.074414 3633.046924 11.008844 0 0.000000 
1830.372404 472.416644 11.856844 0 0.000000 
517.782745 1606.505119 16.420845 0 0.000000 
1055.886337 800.944100 17.431845 0 0.000000 
653.137736 2818.926171 16.868845 0 0.000000 
502.332359 2436.816130 14.225844 0 0.000000 
925.496356 914.291455 15.327845 0 0.000000 
1122.827334 3350.067679 14.448845 0 0.000000 
3139.829570 3220.122622 17.284845 0 0.000000 
463.429522 2306.146283 17.226845 0 0.000000 
2077.442359 3655.104710 15.637845 0 0.000000 
590.744504 2729.196968 16.335846 0 0.000000 
890.860250 929.437276 16.770844 0 0.000000 
533.335317 1502.065246 15.945845 0 0.000000 
1145.057458 3382.356502 15.143845 0 0.000000 
1306.727650 3479.451360 17.240845 0 0.000000 
2417.980953 3617.439119 10.712845 0 0.000000 
1322.525061 604.602779 16.634844 0 0.000000 
1952.014123 434.406324 16.873844 0 0.000000 
2521.421231 502.018250 13.409844 0 0.000000 
3220.279590 932.149294 8.778845 0 0.000000 
1224.176482 653.409613 15.672845 0 0.000000 
1078.944155 3347.227361 17.503845 0 0.000000 
2827.310492 626.744698 16.128843 0 0.000000 
1824.553319 3660.886776 16.174845 0 0.000000 
3209.645616 3190.200319 16.663845 0 0.000000 
600.547299 1298.718793 17.062845 0 0.000000 
3677.696598 2126.106864 17.043844 0 0.000000 
1542.128299 3602.073439 16.001844 0 0.000000 
3263.038747 3142.736823 17.112844 0 0.000000 
2945.898735 680.849889 16.614845 0 0.000000 
1010.711365 3318.844834 14.939844 0 0.000000 
513.588334 2631.828638 17.284845 0 0.000000 
3601.134640 2587.827119 13.593844 0 0.000000 
1456.542831 513.548445 14.208843 0 0.000000 
727.842715 1067.143722 17.510845 0 0.000000 
993.159315 785.667540 16.415846 0 0.000000 
873.573710 3200.765025 17.231844 0 0.000000 
3592.479305 1477.052428 17.648844 0 0.000000 
2788.040186 576.103907 16.223845 0 0.000000 
2674.236195 3572.877695 18.102844 0 0.000000 
398.150548 2049.799849 16.831844 0 0.000000 
2842.716875 597.169683 16.335846 0 0.000000 
430.768986 2397.249304 16.733845 0 0.000000 
1613.178787 449.168547 17.445845 0 0.000000 
422.852524 1721.831177 17.469845 0 0.000000 
2145.394871 393.135387 15.788845 0 0.000000 
3338.204806 3089.576488 17.142845 0 0.000000 
3541.009160 1321.757476 17.710844 0 0.000000 
635.985331 2924.879112 15.430843 0 0.000000 
1462.192038 3604.925904 17.075844 0 0.000000 
3651.225927 2494.656269 16.234844 0 0.000000 
3526.430188 1279.093735 17.214844 0 0.000000 
821.446715 917.100556 16.342846 0 0.000000 
380.172929 1949.961475 16.833843 0 0.000000 
2528.762327 3649.334291 16.455845 0 0.000000 
3029.972050 692.595101 17.627844 0 0.000000 
3695.002452 2348.976367 12.247845 0 0.000000 
3650.988303 2538.724876 15.291844 0 0.000000 
782.497071 3150.325652 17.057846 0 0.000000 
2803.501860 549.468136 16.907845 0 0.000000 
2425.416378 410.870313 16.905844 0 0.000000 
687.509999 1061.990328 17.081844 0 0.000000 
761.433369 3132.752148 17.523844 0 0.000000 
2720.454562 504.998421 17.368845 0 0.000000 
725.234534 1004.890975 17.134844 0 0.000000 
923.880438 3304.299009 15.267844 0 0.000000 
3116.765734 743.362295 13.773844 0 0.000000 
358.008168 2003.332302 17.439844 0 0.000000 
3658.108042 1527.371482 18.013845 0 0.000000 
2166.543683 3736.576049 17.529844 0 0.000000 
1777.988250 3720.375870 17.683846 0 0.000000 
890.793767 3287.445658 16.786844 0 0.000000 
1265.788375 543.070550 15.710845 0 0.000000 
1291.302354 527.150915 16.276844 0 0.000000 
810.130670 882.838825 17.633844 0 0.000000 
2553.236699 3675.266411 16.778845 0 0.000000 
345.952787 1964.521089 13.798845 0 0.000000 
436.987053 2609.681460 15.443845 0 0.000000 
345.542268 2184.337436 17.508844 0 0.000000 
2881.325295 555.552474 17.152845 0 0.000000 
1173.190213 3517.553453 17.637844 0 0.000000 
3749.111077 2229.784200 16.581844 0 0.000000 
1225.849437 3551.225675 15.917845 0 0.000000 
3439.969285 1048.488598 17.443844 0 0.000000 
3424.650178 1025.846381 17.541845 0 0.000000 
554.870871 1201.716359 17.111845 0 0.000000 
3481.565903 1102.117644 14.608845 0 0.000000 
2453.925322 3717.303802 17.498844 0 0.000000 
2025.704790 3767.470399 16.935844 0 0.000000 
3767.672325 2043.738144 14.370844 0 0.000000 
3700.441670 1566.264729 16.255844 0 0.000000 
3422.288524 3084.502094 14.696845 0 0.000000 
2101.700016 326.309904 16.213844 0 0.000000 
523.028113 1241.769704 15.237844 0 0.000000 
3710.755332 2508.661074 17.569845 0 0.000000 
1028.861472 651.201189 15.710845 0 0.000000 
2703.874439 3649.521965 17.109844 0 0.000000 
2098.077557 3779.438737 17.396845 0 0.000000 
3404.673123 3126.504608 16.762846 0 0.000000 
3733.780997 1643.863017 16.959845 0 0.000000 
2439.556517 357.438931 15.201844 0 0.000000 
516.603190 1228.385076 12.869844 0 0.000000 
1706.522043 3752.207219 16.790846 0 0.000000 
3785.256010 1992.828056 16.800844 0 0.000000 
2249.796462 3775.913629 17.165844 0 0.000000 
3361.523158 3189.760369 17.298845 0 0.000000 
836.540315 3300.726851 15.532845 0 0.000000 
2575.006218 3710.149527 16.011845 0 0.000000 
3629.075153 2788.668733 17.035845 0 0.000000 
306.056437 2170.615444 16.029844 0 0.000000 
3689.313828 2645.473126 16.786844 0 0.000000 
716.185669 3178.857793 16.210844 0 0.000000 
2335.671061 3772.381037 15.736845 0 0.000000 
2789.359165 463.474370 16.955845 0 0.000000 
2561.338655 3727.346372 14.624845 0 0.000000 
506.887449 1195.551750 17.603844 0 0.000000 
3806.914239 2196.281904 17.594845 0 0.000000 
318.906121 1691.921090 17.432844 0 0.000000 
656.914226 3138.596141 17.731844 0 0.000000 
3667.903540 2762.085059 17.078844 0 0.000000 
548.434146 2989.686308 16.021845 0 0.000000 
370.815097 1478.622487 13.896845 0 0.000000 
279.090103 2155.482712 17.447845 0 0.000000 
2097.324463 3821.664567 17.931845 0 0.000000 
3280.436887 3326.446034 17.572845 0 0.000000 
343.923131 2549.530790 14.860845 0 0.000000 
373.770959 1451.289331 17.298845 0 0.000000 
3737.260066 2601.363153 17.339844 0 0.000000 
766.785640 813.992763 15.340844 0 0.000000 
3116.815468 3470.313362 14.507845 0 0.000000 
349.291269 1516.433054 16.685844 0 0.000000 
391.483931 2700.561526 15.830845 0 0.000000 
3080.395268 3500.957856 17.379845 0 0.000000 
933.372678 3439.331215 16.908844 0 0.000000 
3072.488353 3507.802786 16.405846 0 0.000000 
3438.869780 931.328724 17.743845 0 0.000000 
1630.859716 3783.157083 15.229845 0 0.000000 
2956.878227 509.224880 15.637845 0 0.000000 
2854.757823 3645.901849 16.544846 0 0.000000 
575.226271 3066.147089 16.313845 0 0.000000 
1810.191105 3823.932811 16.759846 0 0.000000 
971.197186 3483.442729 16.428844 0 0.000000 
2481.201868 3789.346291 14.699844 0 0.000000 
3842.443409 2068.790266 17.606844 0 0.000000 
400.473144 2759.702029 17.761845 0 0.000000 
3629.451499 2897.972318 17.464844 0 0.000000 
3765.726702 2571.589272 15.745845 0 0.000000 
427.935788 1271.131483 15.443845 0 0.000000 
680.290895 3214.393564 17.319845 0 0.000000 
2251.848969 261.388484 16.863844 0 0.000000 
3808.420409 1676.842999 17.216845 0 0.000000 
745.817094 806.429718 16.765844 0 0.000000 
293.169212 2446.273172 17.173845 0 0.000000 
3746.530879 2643.841335 16.564844 0 0.000000 
370.934646 2708.489797 16.930845 0 0.000000 
298.556858 2483.016049 17.672844 0 0.000000 
1096.847930 3580.732427 17.596844 0 0.000000 
1145.223656 484.849830 14.580845 0 0.000000 
3694.081130 1301.064664 12.094845 0 0.000000 
3819.356086 2409.418153 16.163845 0 0.000000 
505.047935 1104.750812 16.160845 0 0.000000 
3856.796350 2027.725346 15.879845 0 0.000000 
342.851073 1442.485387 17.270845 0 0.000000 
3292.509565 3363.582711 17.241844 0 0.000000 
527.289116 3041.482816 17.082844 0 0.000000 
1319.045064 3712.936556 15.736845 0 0.000000 
2685.543902 3750.116371 17.099844 0 0.000000 
2482.263989 280.378325 15.991844 0 0.000000 
2316.154833 246.893770 16.629845 0 0.000000 
1589.009028 3810.778320 16.744844 0 0.000000 
833.731997 3405.921497 16.580845 0 0.000000 
2211.722192 3862.929388 16.792845 0 0.000000 
3808.177328 1568.447082 16.399843 0 0.000000 
296.983038 1535.459213 17.280844 0 0.000000 
710.936986 3289.519842 15.192844 0 0.000000 
824.323702 3401.707889 15.918844 0 0.000000 
733.097522 777.842386 17.142845 0 0.000000 
285.017363 1560.058025 17.168844 0 0.000000 
1069.639376 3593.813859 17.631845 0 0.000000 
3773.267620 2657.349135 17.282845 0 0.000000 
648.910078 868.526338 17.783844 0 0.000000 
3837.327319 2433.574557 16.443846 0 0.000000 
856.377715 655.355940 17.650845 0 0.000000 
1783.317016 3863.046233 16.675844 0 0.000000 
251.602011 2427.821336 17.280844 0 0.000000 
3083.713160 530.789345 17.429844 0 0.000000 
463.543988 1112.010587 16.691845 0 0.000000 
3831.050603 2503.910954 15.280846 0 0.000000 
2010.615843 3888.939992 16.721844 0 0.000000 
1375.570517 3763.137609 16.512844 0 0.000000 
965.109493 3539.419779 12.960845 0 0.000000 
208.016458 1926.562797 12.829845 0 0.000000 
1296.418061 363.868034 17.521845 0 0.000000 
209.417407 1893.352403 17.237844 0 0.000000 
1163.894290 428.541168 17.560844 0 0.000000 
328.654873 2737.952350 17.601845 0 0.000000 
3590.272165 1019.882238 14.785845 0 0.000000 
3226.750202 617.500690 17.140844 0 0.000000 
3677.870732 1163.848709 15.973845 0 0.000000 
2803.131051 354.058691 16.101845 0 0.000000 
655.045308 823.427588 15.876844 0 0.000000 
540.502079 962.440049 17.640844 0 0.000000 
1430.106893 293.634842 16.406843 0 0.000000 
350.473647 1287.540358 17.442844 0 0.000000 
1411.178214 299.025582 17.367846 0 0.000000 
3081.002586 3597.802883 17.667845 0 0.000000 
3569.770608 3122.722108 16.819843 0 0.000000 
194.123811 2243.315272 14.206844 0 0.000000 
702.501372 3339.234512 17.523844 0 0.000000 
2728.612842 310.984394 16.519844 0 0.000000 
3279.641713 646.680307 17.339844 0 0.000000 
2997.740986 439.945770 16.463844 0 0.000000 
2270.134250 3902.822624 15.818845 0 0.000000 
2544.226594 3849.005110 17.273844 0 0.000000 
3238.056720 3489.870565 13.691845 0 0.000000 
1538.269681 3846.828508 10.779844 0 0.000000 
3917.602714 2105.003215 14.737844 0 0.000000 
2897.607260 3714.963140 16.696846 0 0.000000 
550.877907 3172.084352 15.292845 0 0.000000 
3200.947345 572.748678 17.329845 0 0.000000 
3807.259604 2692.593347 17.542845 0 0.000000 
3169.346672 3552.101909 15.630845 0 0.000000 
1032.191883 470.062395 17.607845 0 0.000000 
3868.353726 1588.464795 12.099846 0 0.000000 
2817.845188 335.192743 17.109844 0 0.000000 
2004.940263 168.985552 16.689844 0 0.000000 
2377.816197 196.188461 16.061844 0 0.000000 
412.478819 2978.023177 17.426846 0 0.000000 
1294.018942 324.035544 15.493845 0 0.000000 
173.894033 2236.755839 15.708845 0 0.000000 
239.271915 2574.769370 17.358845 0 0.000000 
3925.601689 1882.943397 15.149843 0 0.000000 
298.765420 2751.551482 15.374844 0 0.000000 
3915.700345 1785.550896 14.758844 0 0.000000 
3412.576366 740.864458 16.767843 0 0.000000 
2892.494516 3738.902753 16.610844 0 0.000000 
1778.769679 3920.199473 17.195845 0 0.000000 
478.808940 991.963435 16.302845 0 0.000000 
431.283312 3031.882345 15.630845 0 0.000000 
158.549555 1927.120370 16.681845 0 0.000000 
2662.107598 3840.376006 14.748844 0 0.000000 
476.266060 3107.298944 17.241844 0 0.000000 
3540.393278 3217.044228 16.111845 0 0.000000 
1513.220692 228.824650 16.479845 0 0.000000 
528.624460 3183.027457 8.921844 0 0.000000 
1594.318870 3889.858424 17.317844 0 0.000000 
1613.804711 198.904114 16.781843 0 0.000000 
1529.009898 3875.286531 16.556845 0 0.000000 
1425.260306 251.865717 16.822845 0 0.000000 
1928.570154 149.755275 17.253845 0 0.000000 
3551.322392 3213.837655 16.196844 0 0.000000 
3383.693774 692.681433 15.050844 0 0.000000 
3475.033072 787.158705 17.612844 0 0.000000 
1001.083678 455.509265 17.578844 0 0.000000 
3867.242832 1478.772130 16.662844 0 0.000000 
1250.849798 3781.334357 16.779844 0 0.000000 
3631.909731 3113.642652 15.071845 0 0.000000 
339.344631 2902.961026 18.193844 0 0.000000 
2026.773002 131.211193 16.408846 0 0.000000 
1152.464555 3743.826226 17.161844 0 0.000000 
1328.143295 3829.559084 17.017845 0 0.000000 
1900.752316 3965.036549 16.425844 0 0.000000 
1018.520132 421.961587 16.712845 0 0.000000 
185.816350 2541.926937 16.350843 0 0.000000 
1207.361247 3782.505435 17.079845 0 0.000000 
487.077515 914.748917 14.785845 0 0.000000 
3949.343511 1711.401583 15.057844 0 0.000000 
3870.376010 2693.768107 16.208843 0 0.000000 
3975.544136 2209.238754 16.898844 0 0.000000 
1833.219147 125.231810 17.384844 0 0.000000 
895.321048 493.741441 17.549845 0 0.000000 
3494.517502 3333.452767 16.230844 0 0.000000 
3949.602614 1684.499337 16.964844 0 0.000000 
497.305223 887.272203 17.655844 0 0.000000 
113.691040 1920.865280 15.445845 0 0.000000 
3701.331477 3062.013375 12.284843 0 0.000000 
2029.529825 3988.222872 17.413845 0 0.000000 
2290.593666 122.761616 17.028845 0 0.000000 
1086.080766 3735.694182 17.386845 0 0.000000 
2071.585542 103.788475 16.016844 0 0.000000 
3634.310390 921.047398 14.931845 0 0.000000 
289.252945 2891.461088 15.355844 0 0.000000 
2075.039366 3998.555061 16.197845 0 0.000000 
3206.721836 478.746861 16.153845 0 0.000000 
3965.745485 1684.729357 16.326845 0 0.000000 
210.356979 2717.419421 17.054844 0 0.000000 
3436.732648 670.276091 17.628845 0 0.000000 
3551.477707 3300.577183 12.487844 0 0.000000 
3010.943989 343.567832 15.800844 0 0.000000 
2492.457087 138.722293 16.978844 0 0.000000 
2570.399232 157.694648 17.179844 0 0.000000 
1126.502835 3779.809235 16.119844 0 0.000000 
3175.700460 3653.746348 16.680843 0 0.000000 
109.145725 2350.855084 17.065845 0 0.000000 
3353.971819 3513.509939 17.461845 0 0.000000 
691.501193 3467.610012 16.256845 0 0.000000 
139.329526 1585.910625 17.630844 0 0.000000 
302.006484 1147.931517 17.353844 0 0.000000 
2379.103954 111.056379 17.517845 0 0.000000 
3139.319367 412.953502 17.752844 0 0.000000 
1896.728904 87.134395 17.030844 0 0.000000 
2770.703712 216.523594 15.350845 0 0.000000 
677.769856 3465.266084 15.380845 0 0.000000 
3975.882091 1631.548744 13.425844 0 0.000000 
2610.038468 3941.291551 17.180845 0 0.000000 
2397.371253 103.906865 16.147844 0 0.000000 
267.091018 2909.244369 16.767843 0 0.000000 
2644.390925 3934.969213 14.799845 0 0.000000 
3993.351424 2423.484673 17.674845 0 0.000000 
824.290236 3611.882566 17.464844 0 0.000000 
501.402881 3294.368182 16.702845 0 0.000000 
1605.328356 3985.516352 17.196844 0 0.000000 
805.129342 496.791131 16.822845 0 0.000000 
1174.988304 259.136044 17.254845 0 0.000000 
210.842714 2817.467322 16.926846 0 0.000000 
75.997092 1765.469890 17.633844 0 0.000000 
3872.688595 2848.780031 17.656845 0 0.000000 
3865.752018 1230.660840 15.522844 0 0.000000 
2438.469024 4002.707583 17.524845 0 0.000000 
2518.488934 3987.041924 14.647844 0 0.000000 
2496.927090 3994.007912 17.244844 0 0.000000 
3584.562766 771.764564 12.725844 0 0.000000 
1909.731742 4041.915433 16.318844 0 0.000000 
680.511642 590.265713 14.947845 0 0.000000 
291.998965 3008.283773 12.876844 0 0.000000 
3504.764083 672.066652 13.346845 0 0.000000 
80.852767 1663.520755 16.384846 0 0.000000 
3311.648345 3604.380929 15.100843 0 0.000000 
650.426828 609.270456 16.917845 0 0.000000 
3520.713532 3410.457241 16.461845 0 0.000000 
1108.810427 3823.205416 16.774843 0 0.000000 
152.003647 1382.782393 17.568844 0 0.000000 
64.750737 2376.240118 16.461845 0 0.000000 
3814.069338 3010.920439 17.378845 0 0.000000 
3840.632510 2978.063678 16.354845 0 0.000000 
3175.618790 3724.368584 16.994844 0 0.000000 
3565.952888 708.618935 17.701845 0 0.000000 
3982.995977 1447.147416 16.993845 0 0.000000 
1145.886013 233.289778 17.047844 0 0.000000 
1268.891746 177.167043 16.896845 0 0.000000 
2939.845717 228.213684 16.752846 0 0.000000 
846.702901 415.123471 17.652845 0 0.000000 
3948.428823 1339.657675 17.551846 0 0.000000 
70.445646 2499.039795 14.857844 0 0.000000 
4043.257982 2427.101962 15.014845 0 0.000000 
3936.225229 1292.974859 14.740845 0 0.000000 
1232.194283 3913.009404 17.889845 0 0.000000 
374.417894 886.755585 16.904844 0 0.000000 
2922.454936 207.231613 16.859844 0 0.000000 
1583.036423 62.664475 17.593845 0 0.000000 
982.193795 309.076367 16.245844 0 0.000000 
1385.751124 3977.531025 15.440845 0 0.000000 
1874.057316 4081.585467 17.995844 0 0.000000 
9.459338 1931.153858 16.644844 0 0.000000 
4002.274718 1444.841393 16.652843 0 0.000000 
2480.080749 48.044806 12.095844 0 0.000000 
2158.333306 4092.248433 14.468843 0 0.000000 
3590.795539 3394.051921 12.567844 0 0.000000 
2278.103552 12.812221 13.748844 0 0.000000 
2121.343446 -1.230539 14.907845 0 0.000000 
3216.840525 360.739846 17.606844 0 0.000000 
87.038540 1440.714415 12.857845 0 0.000000 
2225.219337 2.507102 16.213844 0 0.000000 
3175.376686 331.604991 12.984844 0 0.000000 
2378.967248 4075.387509 17.447845 0 0.000000 
2739.933346 112.576607 13.239843 0 0.000000 
3119.312753 3804.483963 17.333845 0 0.000000 
69.063702 1481.908244 17.623844 0 0.000000 
839.492007 3717.111690 15.945845 0 0.000000 
3.849723 2316.378132 17.278845 0 0.000000 
3476.531778 560.112825 16.621845 0 0.000000 
408.147918 794.041810 15.765844 0 0.000000 
2029.429087 -16.849259 15.731845 0 0.000000 
1173.713245 176.131504 15.540846 0 0.000000 
3097.104317 3829.358539 17.883844 0 0.000000 
207.976715 2992.917508 15.871844 0 0.000000 
956.179803 3806.142192 17.194845 0 0.000000 
476.413343 701.131524 16.484844 0 0.000000 
2784.019089 3982.877885 16.202845 0 0.000000 
3816.646029 3124.869748 17.648844 0 0.000000 
3049.392730 232.005632 15.522844 0 0.000000 
2324.079778 -13.473898 17.779844 0 0.000000 
159.939626 1174.161735 13.317844 0 0.000000 
3462.238768 521.694629 16.624844 0 0.000000 
2186.552864 -28.523463 15.273846 0 0.000000 
563.187366 3506.743582 11.846846 0 0.000000 
2909.136215 151.202129 17.012844 0 0.000000 
434.049293 3365.894071 17.291845 0 0.000000 
1918.954263 -33.629313 13.747845 0 0.000000 
1244.108806 3972.836160 16.696846 0 0.000000 
3125.671665 3837.481542 17.818844 0 0.000000 
3564.012778 609.048977 17.301846 0 0.000000 
-39.637831 1903.456701 16.236845 0 0.000000 
51.304475 1413.307197 15.657845 0 0.000000 
323.559006 3238.763377 16.731846 0 0.000000 
3757.736555 3260.025226 17.494844 0 0.000000 
2364.622620 4120.832187 16.464846 0 0.000000 
4141.147263 1916.305443 14.654844 0 0.000000 
90.607161 2803.522378 14.758844 0 0.000000 
4136.866258 1845.796994 17.861845 0 0.000000 
819.686345 345.526995 14.825845 0 0.000000 
4008.726876 2799.643966 16.312845 0 0.000000 
4075.532278 1501.102409 17.545845 0 0.000000 
3811.032297 3192.494719 14.422845 0 0.000000 
1817.856986 4137.870228 15.510844 0 0.000000 
1554.262345 4.221838 15.995845 0 0.000000 
2087.264100 -55.416436 15.529844 0 0.000000 
1013.731395 215.913010 16.859844 0 0.000000 
3900.344590 3048.637091 16.672844 0 0.000000 
18.762331 1477.870849 13.964845 0 0.000000 
323.916114 832.498505 15.147844 0 0.000000 
44.763771 2716.630508 15.356845 0 0.000000 
519.888051 587.562444 16.619844 0 0.000000 
3581.562921 589.045580 17.067844 0 0.000000 
410.434957 706.485613 17.150845 0 0.000000 
1240.522038 4005.461044 17.617846 0 0.000000 
2496.961923 -21.256207 16.254845 0 0.000000 
180.383244 3049.044413 17.101845 0 0.000000 
974.137278 219.944513 16.018845 0 0.000000 
1648.909282 4130.381735 17.067844 0 0.000000 
2210.483931 4163.057914 17.808846 0 0.000000 
3900.050650 3090.370883 17.461845 0 0.000000 
3697.417760 3388.763416 15.048845 0 0.000000 
722.450437 3711.470005 17.320845 0 0.000000 
1630.688450 4134.832278 17.255844 0 0.000000 
4156.639749 2357.606897 14.281844 0 0.000000 
4128.199489 2517.667564 16.205845 0 0.000000 
256.125281 891.520647 17.246845 0 0.000000 
2470.485814 -42.782692 15.434845 0 0.000000 
294.473630 3263.912770 14.631845 0 0.000000 
14.157365 2693.884216 17.493845 0 0.000000 
4102.307912 2629.146787 15.625845 0 0.000000 
529.823587 3550.193310 16.086843 0 0.000000 
2790.133078 43.427483 16.858845 0 0.000000 
3044.501456 3939.466868 16.582844 0 0.000000 
10.553680 2708.940684 16.883844 0 0.000000 
-94.506353 1986.420173 16.996845 0 0.000000 
444.551091 3471.550231 16.511845 0 0.000000 
2733.730384 16.200107 15.623844 0 0.000000 
2952.766736 3993.409536 17.370844 0 0.000000 
3420.835892 3699.823681 16.378843 0 0.000000 
2494.339236 4150.054934 16.955845 0 0.000000 
421.105816 641.791384 16.382845 0 0.000000 
833.975437 3826.847556 16.085846 0 0.000000 
3620.841219 3519.898841 16.530846 0 0.000000 
550.894492 3597.065718 17.265844 0 0.000000 
888.792240 231.687248 17.236845 0 0.000000 
-73.320158 1668.616563 14.617845 0 0.000000 
202.558529 3163.079150 17.610844 0 0.000000 
4204.645271 2055.712284 17.848845 0 0.000000 
67.898594 1192.549489 16.182844 0 0.000000 
1335.405310 10.320561 17.362844 0 0.000000 
1039.135431 137.191405 17.520845 0 0.000000 
2155.202241 4207.743503 16.463844 0 0.000000 
2774.061490 10.982641 16.525845 0 0.000000 
1168.158401 4024.363689 17.381845 0 0.000000 
3987.283192 1087.352163 16.058844 0 0.000000 
485.336435 550.183397 15.750845 0 0.000000 
4140.966892 1487.032463 17.103844 0 0.000000 
2843.216419 4064.493643 15.803844 0 0.000000 
2947.739155 74.677715 15.417845 0 0.000000 
2408.814890 4186.970643 15.786844 0 0.000000 
3197.128712 3889.743542 14.108845 0 0.000000 
1221.398878 4055.577491 16.129845 0 0.000000 
3656.518497 3509.266116 17.256845 0 0.000000 
143.877503 3098.411861 14.649844 0 0.000000 
985.165296 3946.173298 17.287844 0 0.000000 
2304.947882 4209.492107 13.397844 0 0.000000 
1460.029828 -49.711923 17.843845 0 0.000000 
2965.030765 4024.464361 17.409845 0 0.000000 
483.184461 3564.200931 17.157845 0 0.000000 
1345.211259 -16.296378 14.113845 0 0.000000 
2570.866604 4165.454208 17.500845 0 0.000000 
2712.091119 4127.379453 17.077845 0 0.000000 
3316.481838 270.465371 11.734844 0 0.000000 
468.571764 3557.390178 16.906845 0 0.000000 
1372.648271 -29.748125 15.867845 0 0.000000 
1150.535249 55.750951 14.576844 0 0.000000 
4232.578350 2100.628128 13.825845 0 0.000000 
776.905747 269.882662 16.294844 0 0.000000 
4210.894282 2369.607919 17.748844 0 0.000000 
2549.883558 4176.682596 17.743845 0 0.000000 
58.170809 1132.950015 14.716845 0 0.000000 
1089.462918 4019.570144 16.446846 0 0.000000 
1369.467628 4136.237381 17.952845 0 0.000000 
321.265447 690.748007 15.421844 0 0.000000 
1213.500126 4080.360302 16.590845 0 0.000000 
4029.695496 1098.676384 17.528845 0 0.000000 
837.775520 213.703077 16.748844 0 0.000000 
4073.629157 2900.194521 17.370844 0 0.000000 
2133.973380 -149.006606 15.554846 0 0.000000 
3907.534081 874.650223 17.319845 0 0.000000 
4171.222939 1472.889964 16.631844 0 0.000000 
4220.050635 1693.229662 16.827845 0 0.000000 
2181.493782 4245.501662 15.164845 0 0.000000 
3802.299832 713.502633 16.310844 0 0.000000 
1739.692043 4231.711976 17.639845 0 0.000000 
1876.792573 4248.645965 17.657845 0 0.000000 
2975.407657 4052.483168 17.555845 0 0.000000 
-123.942037 1642.892983 17.568844 0 0.000000 
1444.975427 4179.765261 16.138844 0 0.000000 
3937.310326 3206.287396 15.831844 0 0.000000 
2809.580404 4129.398543 14.555844 0 0.000000 
217.807200 796.193016 17.185844 0 0.000000 
1857.524040 -162.717578 16.190845 0 0.000000 
906.776072 141.788185 14.213844 0 0.000000 
1154.227726 4082.681901 17.235844 0 0.000000 
-167.629266 2225.173241 12.931845 0 0.000000 
1685.445471 4241.183688 17.549845 0 0.000000 
2266.653059 -164.659032 17.019844 0 0.000000 
1091.903180 39.670007 15.899844 0 0.000000 
476.370007 473.175653 15.777844 0 0.000000 
2594.156013 4205.301599 17.404844 0 0.000000 
4250.169643 1719.245083 16.018845 0 0.000000 
4055.440488 3012.825468 17.386845 0 0.000000 
2285.926609 -169.173061 17.591845 0 0.000000 
228.465078 758.588601 16.228846 0 0.000000 
575.933284 363.349282 17.709845 0 0.000000 
4263.160459 2361.359439 15.013845 0 0.000000 
-188.331288 2125.559013 15.174845 0 0.000000 
3902.921832 3300.248828 17.551846 0 0.000000 
-175.769220 1786.494296 16.001844 0 0.000000 
1610.320858 4244.769049 17.008844 0 0.000000 
500.487878 3669.884718 15.243845 0 0.000000 
3708.423440 3557.979126 16.644844 0 0.000000 
40.386698 1043.552726 14.853845 0 0.000000 
-63.719872 1285.065185 16.059845 0 0.000000 
4226.446725 2592.323422 15.908844 0 0.000000 
693.858159 255.379235 15.298844 0 0.000000 
-194.914634 1890.112961 17.159845 0 0.000000 
2749.700241 4184.217926 14.397844 0 0.000000 
509.862314 3689.985543 15.440845 0 0.000000 
-196.370835 1857.305443 15.175844 0 0.000000 
2413.418976 4271.670395 17.517845 0 0.000000 
3586.408088 3694.674603 15.291844 0 0.000000 
2265.226855 -197.177356 17.654844 0 0.000000 
560.309204 3746.576891 16.277845 0 0.000000 
1977.459166 4307.052363 15.924845 0 0.000000 
1903.900467 -207.674029 16.874846 0 0.000000 
523.507448 3723.398856 17.375845 0 0.000000 
-205.665753 2297.621945 16.997845 0 0.000000 
2296.624491 -205.904433 16.825846 0 0.000000 
2759.973831 4201.675497 15.239844 0 0.000000 
4085.206002 3048.250529 17.274845 0 0.000000 
4232.301335 2664.045921 16.875845 0 0.000000 
3103.959931 4059.458726 14.719845 0 0.000000 
1782.678285 4305.318486 17.323845 0 0.000000 
4241.637659 2656.523517 17.498844 0 0.000000 
903.216530 79.932559 14.507845 0 0.000000 
4064.476334 990.077122 17.611845 0 0.000000 
3499.703360 3809.648736 16.946844 0 0.000000 
169.297897 3348.003186 17.307844 0 0.000000 
2761.094483 -122.407270 15.827845 0 0.000000 
540.408312 3765.485052 16.999846 0 0.000000 
2008.348320 4333.830711 17.157845 0 0.000000 
2998.327328 4127.438543 15.713844 0 0.000000 
4332.876941 1906.639220 16.485846 0 0.000000 
2503.520186 4291.994578 16.668844 0 0.000000 
3696.236635 458.677438 15.708845 0 0.000000 
4289.400302 1579.384608 16.820845 0 0.000000 
76.599919 3217.831705 13.814844 0 0.000000 
4088.100815 3097.543861 15.930844 0 0.000000 
458.840135 3704.351122 14.876844 0 0.000000 
4211.385642 2815.320669 17.577845 0 0.000000 
3609.756183 364.744784 15.800844 0 0.000000 
2895.824425 -86.748227 17.738844 0 0.000000 
2919.174244 4174.061429 10.578846 0 0.000000 
-53.602322 1115.241631 17.382845 0 0.000000 
4347.612988 2074.405326 16.546844 0 0.000000 
210.537228 3431.440465 14.876844 0 0.000000 
-97.122789 1216.027829 16.713844 0 0.000000 
171.967905 711.109092 16.099846 0 0.000000 
3025.082786 -40.526747 16.283844 0 0.000000 
-196.060136 1513.674402 16.941845 0 0.000000 
375.234045 458.851190 15.415845 0 0.000000 
1681.908995 -231.182742 15.257845 0 0.000000 
1737.962624 -239.728483 17.527845 0 0.000000 
2509.680681 4310.931690 16.074844 0 0.000000 
-223.389420 2466.651833 16.333845 0 0.000000 
4180.045072 2936.229309 16.056845 0 0.000000 
4113.466134 3083.777312 15.692844 0 0.000000 
-185.639719 2644.344593 8.418845 0 0.000000 
-249.326646 1775.226373 17.520845 0 0.000000 
2302.752169 -254.330162 17.544844 0 0.000000 
4307.184934 1532.095008 16.049845 0 0.000000 
-123.166434 1236.172510 17.076845 0 0.000000 
2133.751948 -269.606886 17.475845 0 0.000000 
4346.750261 1731.311719 15.824844 0 0.000000 
1035.646589 4138.977258 16.912844 0 0.000000 
93.937200 790.504706 14.430845 0 0.000000 
4268.366374 2743.134509 15.950844 0 0.000000 
316.949426 3603.986861 16.318844 0 0.000000 
2186.787716 4371.840595 14.141845 0 0.000000 
-161.900905 2780.194304 17.729845 0 0.000000 
136.219532 718.390552 13.480844 0 0.000000 
-150.314108 1276.313186 15.325844 0 0.000000 
-274.536443 1849.840655 17.226845 0 0.000000 
-81.414218 3000.049334 12.066845 0 0.000000 
1776.080120 4364.788628 14.400845 0 0.000000 
251.807375 559.364038 17.342844 0 0.000000 
-285.062342 2023.061082 15.811845 0 0.000000 
3290.108759 4023.153587 16.982845 0 0.000000 
4308.987894 2628.555219 16.580845 0 0.000000 
1898.208546 4377.825937 16.944845 0 0.000000 
4196.765019 1134.958539 16.579845 0 0.000000 
1642.093466 -251.642190 15.996845 0 0.000000 
2467.285430 -249.708199 16.722845 0 0.000000 
31.188229 868.920321 15.672845 0 0.000000 
1219.451113 -136.761072 15.923844 0 0.000000 
3412.958139 3944.614032 16.370846 0 0.000000 
4363.621832 1727.334048 13.653845 0 0.000000 
4229.117670 2894.509112 13.918844 0 0.000000 
3087.592579 4144.025627 16.362844 0 0.000000 
3770.962370 461.906049 16.892845 0 0.000000 
4032.187124 800.518987 16.385843 0 0.000000 
905.625998 0.941282 17.216845 0 0.000000 
210.890623 590.917766 17.426846 0 0.000000 
-112.635413 2961.843491 15.153845 0 0.000000 
1318.320226 -182.742549 16.502846 0 0.000000 
3657.770091 3756.149163 14.532845 0 0.000000 
1857.921483 -292.137527 17.583845 0 0.000000 
310.206622 3627.489350 17.397844 0 0.000000 
3145.015519 -29.435188 17.373844 0 0.000000 
4138.135388 3121.565907 15.017844 0 0.000000 
3891.218564 3507.622723 17.095844 0 0.000000 
3316.198237 67.482970 16.471846 0 0.000000 
3355.866058 4002.774613 17.533844 0 0.000000 
4157.730733 3087.615682 15.943844 0 0.000000 
4313.618801 1414.922684 12.725844 0 0.000000 
4294.108402 1348.216118 17.331844 0 0.000000 
4332.859819 2613.410696 17.114845 0 0.000000 
142.237263 3429.691001 16.566845 0 0.000000 
3995.879628 3371.431363 18.368845 0 0.000000 
1269.696679 -175.171401 16.360844 0 0.000000 
191.422703 598.025103 12.679845 0 0.000000 
959.549522 -42.877273 15.907845 0 0.000000 
4029.746760 771.162860 16.795845 0 0.000000 
100.333061 718.423228 16.638844 0 0.000000 
3242.008802 13.281821 16.896845 0 0.000000 
4212.972933 1102.447938 16.860846 0 0.000000 
806.028162 37.086816 16.779844 0 0.000000 
94.716934 3379.032883 17.649845 0 0.000000 
3504.664571 182.738263 16.482845 0 0.000000 
451.280605 300.691353 13.891845 0 0.000000 
-102.624250 3040.904063 16.773846 0 0.000000 
692.722020 104.786658 17.883844 0 0.000000 
614.319078 161.284251 18.080845 0 0.000000 
2764.177270 4307.333841 16.802845 0 0.000000 
1747.967580 4400.027997 13.829844 0 0.000000 
764.042922 54.609611 14.186845 0 0.000000 
1664.882646 4388.997423 13.773844 0 0.000000 
3318.551549 4051.662650 17.626844 0 0.000000 
465.087081 280.638355 16.226845 0 0.000000 
-302.786455 1707.368394 15.502845 0 0.000000 
1258.524485 4290.734838 17.933846 0 0.000000 
1039.101974 4201.703193 16.210844 0 0.000000 
2538.364915 -280.491969 17.481844 0 0.000000 
83.200235 703.587951 17.633844 0 0.000000 
578.366149 174.637486 14.987845 0 0.000000 
3397.817019 86.298722 16.056845 0 0.000000 
3048.875902 -113.072903 13.711844 0 0.000000 
972.699310 -78.756069 16.107843 0 0.000000 
-252.113727 2687.547644 13.716845 0 0.000000 
2774.198676 -229.811223 16.592844 0 0.000000 
782.320572 18.835048 17.066845 0 0.000000 
2712.513602 -250.726763 13.061846 0 0.000000 
1406.667048 4354.536490 17.417845 0 0.000000 
-71.804793 3161.615833 17.383844 0 0.000000 
700.259425 68.306988 17.198845 0 0.000000 
568.171604 3935.301424 14.046844 0 0.000000 
215.407743 500.690935 17.414845 0 0.000000 
1204.849838 4294.419511 15.449844 0 0.000000 
704.209433 4039.245860 16.759846 0 0.000000 
1286.002444 4327.437417 16.239845 0 0.000000 
411.349334 288.023881 14.632845 0 0.000000 
630.067533 105.848500 16.294844 0 0.000000 
3199.608984 -63.110378 17.139845 0 0.000000 
3153.599383 -89.054599 15.600844 0 0.000000 
2607.479240 4389.281901 17.582844 0 0.000000 
4400.361459 2562.695952 13.765844 0 0.000000 
2532.157461 4407.400331 16.112844 0 0.000000 
3385.722902 4051.998894 16.836845 0 0.000000 
3893.150216 3599.215475 16.935844 0 0.000000 
1216.016235 4312.190797 17.932844 0 0.000000 
-148.633011 3048.455760 16.595844 0 0.000000 
3478.920458 104.231927 17.648844 0 0.000000 
1271.904233 4334.084583 16.421844 0 0.000000 
4304.745604 1187.778005 17.506845 0 0.000000 
4111.854473 3302.976735 17.737844 0 0.000000 
371.729879 308.121264 15.816845 0 0.000000 
4159.174539 873.353587 17.366844 0 0.000000 
4289.283733 2962.583659 15.885844 0 0.000000 
3575.226951 166.056800 15.498844 0 0.000000 
645.986404 69.819568 17.141844 0 0.000000 
4390.639682 2678.290643 17.321844 0 0.000000 
3830.486776 3693.835265 14.552845 0 0.000000 
234.506727 436.356917 16.951845 0 0.000000 
2600.292136 4410.631944 17.646845 0 0.000000 
3196.664850 4185.306938 17.604845 0 0.000000 
-113.421894 943.196880 16.178844 0 0.000000 
-196.229662 2975.739408 17.200844 0 0.000000 
-139.696018 992.911105 17.037844 0 0.000000 
3536.029095 3971.849490 14.154844 0 0.000000 
2836.089065 4349.436389 17.625845 0 0.000000 
3581.412617 3937.530567 17.062845 0 0.000000 
1084.410358 4283.150665 17.692844 0 0.000000 
-231.621417 2901.153371 15.414845 0 0.000000 
4270.545562 1053.951081 16.871845 0 0.000000 
983.310129 -149.371466 17.036844 0 0.000000 
472.575174 178.478228 15.234844 0 0.000000 
4096.377876 706.783568 17.749846 0 0.000000 
4257.191678 990.435343 16.958845 0 0.000000 
-230.335102 2949.728721 17.803844 0 0.000000 
-90.175707 3260.675073 17.242846 0 0.000000 
1186.416349 4351.153339 14.735844 0 0.000000 
3946.115953 3611.814388 15.315845 0 0.000000 
-275.974056 2853.880421 10.204844 0 0.000000 
1054.843318 -202.741710 16.043844 0 0.000000 
1105.276043 -224.381695 13.481845 0 0.000000 
-59.648602 778.599695 17.369844 0 0.000000 
4105.457094 3400.176709 14.246844 0 0.000000 
-258.425028 2911.548529 16.939844 0 0.000000 
4311.569148 1074.633268 16.426846 0 0.000000 
-220.752322 1081.772719 13.998844 0 0.000000 
3457.252546 4073.596298 17.602844 0 0.000000 
3860.568238 370.960018 15.559845 0 0.000000 
2832.771535 4392.936099 16.437843 0 0.000000 
472.382892 3954.292139 18.024845 0 0.000000 
3534.180215 70.992208 16.212845 0 0.000000 
3983.502022 3588.775901 17.635845 0 0.000000 
-72.532248 773.248729 16.488846 0 0.000000 
569.088067 64.165715 15.163845 0 0.000000 
2879.901894 -283.288074 15.060844 0 0.000000 
4160.174583 755.222956 12.801846 0 0.000000 
4104.054699 662.172476 17.709845 0 0.000000 
-268.320043 1161.571747 17.221844 0 0.000000 
3344.896840 -66.588231 16.089844 0 0.000000 
4148.098626 727.443360 17.371845 0 0.000000 
4120.638819 3412.025118 11.997845 0 0.000000 
219.264064 3726.855303 16.987844 0 0.000000 
-76.742458 751.875375 15.948845 0 0.000000 
4374.282820 2934.131480 17.172844 0 0.000000 
235.469976 339.462853 17.545845 0 0.000000 
-77.676380 3347.122726 17.879845 0 0.000000 
164.215922 3679.024969 13.787844 0 0.000000 
620.492293 3.903143 17.025845 0 0.000000 
-241.007933 3040.605475 16.563845 0 0.000000 
3910.569798 3709.583062 15.944844 0 0.000000 
370.971890 3897.187142 15.331844 0 0.000000 
4232.035791 833.290899 17.516844 0 0.000000 
3598.640186 84.089322 16.753843 0 0.000000 
301.518040 3840.857004 16.937845 0 0.000000 
618.920386 -11.673003 17.988844 0 0.000000 
3135.806896 4308.814758 17.592844 0 0.000000 
-118.041341 781.969077 17.434845 0 0.000000 
4145.370776 667.676301 15.943844 0 0.000000 
3494.675314 4100.459990 13.314844 0 0.000000 
-237.057568 1006.168536 16.429846 0 0.000000 
541.516073 4060.414074 15.892844 0 0.000000 
3084.947821 -244.062700 17.088844 0 0.000000 
4067.784230 3548.810640 16.930845 0 0.000000 
4296.292137 916.564712 15.829844 0 0.000000 
117.276236 3668.983754 13.951845 0 0.000000 
-240.540962 988.821141 17.154844 0 0.000000 
28.425714 533.111979 16.992846 0 0.000000 
3845.658687 3822.195985 14.161844 0 0.000000 
4278.485518 3234.924931 16.042845 0 0.000000 
3780.598374 3887.926523 13.613845 0 0.000000 
3746.575892 175.951050 17.767845 0 0.000000 
532.295999 4073.218275 17.012844 0 0.000000 
-224.098227 923.907711 16.312845 0 0.000000 
810.983899 -164.644822 17.900845 0 0.000000 
4301.063045 3212.308962 17.531845 0 0.000000 
80.576706 3650.085505 17.009844 0 0.000000 
4228.890161 3347.245132 16.270845 0 0.000000 
-245.031565 3141.817639 14.564844 0 0.000000 
4255.638186 3307.905857 16.578844 0 0.000000 
927.959946 4332.275935 15.923844 0 0.000000 
3670.824929 4009.404998 15.955845 0 0.000000 
335.218133 158.156893 17.451845 0 0.000000 
1027.319884 4387.947783 17.885845 0 0.000000 
977.144597 -271.553451 15.950844 0 0.000000 
-71.432666 3477.266102 12.736845 0 0.000000 
953.421755 -262.603839 17.367846 0 0.000000 
435.228951 63.562783 15.805844 0 0.000000 
3095.438231 4381.340431 16.538845 0 0.000000 
156.362796 3770.412124 17.584845 0 0.000000 
3456.280522 -90.672736 17.308846 0 0.000000 
3980.074295 367.151027 15.317844 0 0.000000 
3.327030 3592.610834 17.651844 0 0.000000 
4230.823980 3394.362756 15.220844 0 0.000000 
4179.654210 3474.088327 17.894844 0 0.000000 
3510.325538 4155.008019 15.708845 0 0.000000 
3164.949475 -262.956885 16.412846 0 0.000000 
3390.379076 4241.375851 17.293844 0 0.000000 
3539.144932 4146.345835 14.320845 0 0.000000 
340.344412 3982.931402 17.161844 0 0.000000 
4302.447458 784.814835 14.426844 0 0.000000 
3390.429239 -162.247719 17.016844 0 0.000000 
-283.504915 928.660036 17.099844 0 0.000000 
4183.154597 584.477539 16.946844 0 0.000000 
4328.714046 823.396076 15.706844 0 0.000000 
-185.475448 3361.988280 17.628845 0 0.000000 
4319.301485 798.900686 16.725843 0 0.000000 
3275.216320 4331.611948 17.880844 0 0.000000 
592.493539 4193.546824 15.848845 0 0.000000 
299.391807 133.755670 16.563845 0 0.000000 
3305.636170 -222.489664 13.810844 0 0.000000 
-249.926238 3261.966135 17.026844 0 0.000000 
794.086185 -231.786650 16.511845 0 0.000000 
779.271737 4319.981669 14.750845 0 0.000000 
523.139519 -62.348460 17.400845 0 0.000000 
4214.293486 599.556896 15.947845 0 0.000000 
42.781690 378.915012 17.093845 0 0.000000 
345.924373 4026.896624 17.556845 0 0.000000 
-280.182639 867.491855 17.298845 0 0.000000 
67.764036 345.164746 17.548845 0 0.000000 
-289.023251 881.077781 17.086845 0 0.000000 
574.034698 -111.089611 17.436844 0 0.000000 
85.418893 3775.894046 17.398844 0 0.000000 
-57.957935 487.266946 17.533844 0 0.000000 
4081.867619 391.281524 17.831844 0 0.000000 
4227.767989 582.911739 15.684845 0 0.000000 
3959.880991 241.784727 16.596844 0 0.000000 
354.456769 4061.054032 14.405844 0 0.000000 
4051.756476 343.265055 17.007845 0 0.000000 
3988.414273 3828.766909 16.568844 0 0.000000 
4204.547470 3561.724576 17.223845 0 0.000000 
3562.427516 4208.005718 13.451844 0 0.000000 
3610.704272 4173.938430 13.905845 0 0.000000 
3349.711201 -247.927101 16.956844 0 0.000000 
151.814116 209.066138 17.562845 0 0.000000 
3601.347660 4190.853594 15.127845 0 0.000000 
3777.060222 33.416061 17.689844 0 0.000000 
3413.876134 4325.719587 16.407845 0 0.000000 
-293.350396 3302.688970 17.339844 0 0.000000 
4210.807560 498.582590 17.038845 0 0.000000 
4291.044404 617.112960 17.335844 0 0.000000 
300.491007 4055.071683 16.614845 0 0.000000 
-76.309596 3659.973309 16.778845 0 0.000000 
4164.244472 3670.779281 16.737844 0 0.000000 
394.289329 -44.870196 15.598845 0 0.000000 
305.406993 27.616886 17.636845 0 0.000000 
389.864456 4142.722889 15.922844 0 0.000000 
396.162730 -58.977135 16.742844 0 0.000000 
4316.680209 3470.305778 15.016844 0 0.000000 
-169.470940 537.527504 15.533846 0 0.000000 
4303.620766 3502.386923 16.732843 0 0.000000 
3910.219376 3983.745598 16.308844 0 0.000000 
-86.650860 414.399481 16.772844 0 0.000000 
-276.661755 3404.088146 13.654844 0 0.000000 
3524.437698 -203.100936 16.696846 0 0.000000 
488.326844 -150.499464 16.256845 0 0.000000 
-255.841506 3449.308566 16.241844 0 0.000000 
3923.179868 3988.723945 16.339844 0 0.000000 
413.955323 4203.492747 16.210844 0 0.000000 
3833.948191 4079.379174 16.781843 0 0.000000 
3694.033146 4195.185013 13.242845 0 0.000000 
4149.052886 340.868423 17.461845 0 0.000000 
-191.528463 526.734989 12.639845 0 0.000000 
-184.002533 3583.495141 15.857844 0 0.000000 
-150.572604 3631.420787 13.950845 0 0.000000 
140.010034 3974.674774 14.626844 0 0.000000 
3431.475830 -284.814724 17.047844 0 0.000000 
570.605962 4327.348718 16.797846 0 0.000000 
3934.106297 91.367137 13.879845 0 0.000000 
573.719932 -237.588560 16.396845 0 0.000000 
3976.171515 3973.164454 15.629845 0 0.000000 
-119.777347 390.726148 16.994844 0 0.000000 
267.181464 4116.075532 16.414845 0 0.000000 
8.773338 233.116689 13.740845 0 0.000000 
-175.229504 3640.939369 17.259844 0 0.000000 
4069.768417 203.133763 16.996845 0 0.000000 
4364.148536 572.296018 16.564844 0 0.000000 
223.017994 -5.158607 12.911844 0 0.000000 
4061.033939 3919.710514 16.169846 0 0.000000 
4122.515527 3860.815996 17.214844 0 0.000000 
142.631411 4041.000954 16.605844 0 0.000000 
141.882114 51.126631 17.053844 0 0.000000 
120.476680 4026.997711 17.173845 0 0.000000 
11.511798 179.919300 15.975845 0 0.000000 
586.944405 -299.043061 16.613844 0 0.000000 
550.340833 -277.652832 16.678844 0 0.000000 
4227.904357 3751.260786 14.488845 0 0.000000 
211.118430 -24.477250 17.108845 0 0.000000 
-292.374509 3533.886243 17.578844 0 0.000000 
4010.344114 89.587645 17.380844 0 0.000000 
576.618174 4398.104460 16.899845 0 0.000000 
4115.308254 198.482940 17.862844 0 0.000000 
3530.992330 -296.335147 13.628844 0 0.000000 
3560.279170 4375.140122 17.596844 0 0.000000 
4049.727585 120.530776 15.827845 0 0.000000 
4131.449393 203.281247 16.562845 0 0.000000 
4053.181835 112.408262 15.631845 0 0.000000 
4029.305913 85.239427 17.843845 0 0.000000 
270.502028 4199.822641 16.448845 0 0.000000 
-122.050373 3804.553285 17.569845 0 0.000000 
4113.864856 168.135941 17.604845 0 0.000000 
-288.667945 3582.229084 16.094845 0 0.000000 
-50.078912 3898.309855 17.853844 0 0.000000 
4251.396801 303.876004 17.330845 0 0.000000 
3716.347915 4314.708691 17.451845 0 0.000000 
-314.274112 511.831340 15.240845 0 0.000000 
4291.129417 341.673572 17.007845 0 0.000000 
4128.150318 138.237956 16.632845 0 0.000000 
3987.437394 4104.063112 17.257845 0 0.000000 
6.749137 4004.912310 17.883844 0 0.000000 
-230.753444 3739.095249 16.260845 0 0.000000 
4172.645809 162.135484 16.818846 0 0.000000 
154.460821 -71.181117 17.092844 0 0.000000 
-36.608614 115.333409 17.425844 0 0.000000 
-219.948133 332.655625 17.592844 0 0.000000 
-240.913525 359.030635 16.846846 0 0.000000 
47.954024 4074.135449 13.817844 0 0.000000 
59.935851 4087.704135 16.071846 0 0.000000 
4386.618764 3676.243314 16.861845 0 0.000000 
4214.866478 3902.875773 16.198845 0 0.000000 
-33.175853 93.565434 13.958844 0 0.000000 
403.832859 4388.551746 16.314844 0 0.000000 
4136.437678 89.733446 16.861845 0 0.000000 
414.331955 4403.535833 16.386845 0 0.000000 
152.864948 4199.677207 16.027843 0 0.000000 
4165.445725 3987.871501 16.906845 0 0.000000 
4301.533503 254.304784 16.372845 0 0.000000 
3957.460761 -109.727987 17.356844 0 0.000000 
68.167183 4167.952439 16.262844 0 0.000000 
84.445562 4185.738135 15.890844 0 0.000000 
-227.600478 3855.945288 17.662844 0 0.000000 
-10.187013 -4.084745 15.694845 0 0.000000 
3777.057465 -293.391828 17.615845 0 0.000000 
-223.874840 225.118381 13.776845 0 0.000000 
-248.034220 3844.489226 17.588844 0 0.000000 
4114.514847 -10.268470 17.460844 0 0.000000 
-262.253425 3830.078887 11.649845 0 0.000000 
4163.156304 4061.949414 15.564844 0 0.000000 
106.494637 4231.058491 16.388845 0 0.000000 
-91.574830 55.982639 16.304844 0 0.000000 
139.830944 -168.206616 16.622845 0 0.000000 
171.211462 -197.363111 17.044844 0 0.000000 
10.140539 4151.123689 16.724846 0 0.000000 
4164.907284 13.763964 15.045845 0 0.000000 
-119.512249 4040.465147 17.118845 0 0.000000 
-287.693313 3840.906787 17.210844 0 0.000000 
-312.267170 286.572097 15.632845 0 0.000000 
260.510749 4405.613505 16.410845 0 0.000000 
-275.919731 3892.009593 16.088844 0 0.000000 
-241.104323 3938.643304 17.519844 0 0.000000 
0.757129 4212.067968 17.543844 0 0.000000 
7.275669 -127.737677 16.482845 0 0.000000 
3955.428042 -248.624627 15.636845 0 0.000000 
4374.485550 3922.123472 16.951845 0 0.000000 
-279.507197 3923.931444 16.904844 0 0.000000 
4244.066041 4086.962523 16.243845 0 0.000000 
-37.194555 4200.937761 16.273844 0 0.000000 
4264.280974 8.679312 17.719845 0 0.000000 
-171.187241 10.604809 13.110846 0 0.000000 
4202.195693 -58.073535 16.931845 0 0.000000 
4043.625195 4305.847232 16.885845 0 0.000000 
4092.679875 4272.504978 16.665844 0 0.000000 
4334.484636 71.730422 17.555845 0 0.000000 
-43.929054 -147.264249 16.942844 0 0.000000 
4409.962028 139.071951 17.748844 0 0.000000 
4061.233204 -225.887897 16.275845 0 0.000000 
4320.184659 22.655248 17.988844 0 0.000000 
56.049479 -259.489253 12.806845 0 0.000000 
4359.159958 4041.704820 16.323845 0 0.000000 
4274.798673 -40.783381 14.951844 0 0.000000 
4400.917160 3999.597779 16.110844 0 0.000000 
-288.677575 4063.706455 17.096844 0 0.000000 
-248.407923 4109.674548 17.081844 0 0.000000 
-273.157269 4092.226622 17.026844 0 0.000000 
4269.188906 4219.995119 15.332844 0 0.000000 
4399.533158 4094.483568 15.333844 0 0.000000 
4334.373882 4169.299225 14.498844 0 0.000000 
4403.247362 4117.642998 17.333845 0 0.000000 
-267.936708 4167.942111 15.730844 0 0.000000 
-214.544174 4229.988236 13.422844 0 0.000000 
4310.882308 4278.539702 14.084845 0 0.000000 
-150.565784 4347.804883 15.465843 0 0.000000 
-103.880424 4394.293809 17.659845 0 0.000000 
-130.696332 4381.393765 17.321844 0 0.000000 
-224.922582 -194.062616 13.567844 0 0.000000 
4360.454174 -156.073574 17.377844 0 0.000000 
4264.782472 4401.993404 17.158844 0 0.000000 
-243.974094 -247.910226 17.637844 0 0.000000 
4307.359033 -310.536155 17.619844 0 0.000000 
-294.002898 -231.769848 16.985844 0 0.000000 
